-1	-1	-1	-1	-1	-1	-1	-1	-1	-1	-1	-1	-1	-1	-1	-1	-1	
-1	103	189	59	7	83	252	158	31	31	45	154	161	201	132	149	-1	
-1	157	112	108	213	99	131	123	215	1	183	175	186	16	54	8	-1	
-1	253	158	197	56	165	24	52	68	56	83	113	210	244	58	87	-1	
-1	138	215	199	246	172	42	121	39	1	123	223	176	53	239	231	-1	
-1	61	236	133	2	36	42	26	89	110	82	172	223	37	161	25	-1	
-1	124	43	240	67	33	157	109	154	196	110	21	163	31	74	147	-1	
-1	6	135	127	139	137	164	181	164	253	36	246	169	3	27	74	-1	
-1	29	151	117	13	218	150	170	71	49	111	182	70	18	213	145	-1	
-1	165	219	24	37	102	162	201	27	70	198	63	60	111	67	88	-1	
-1	186	96	239	47	109	202	198	24	17	247	135	199	61	153	156	-1	
-1	206	63	119	231	100	221	137	45	249	207	243	56	11	98	123	-1	
-1	99	28	219	83	76	73	29	18	97	46	9	232	246	70	129	-1	
-1	146	21	192	10	252	36	231	133	81	224	84	68	25	95	167	-1	
-1	148	195	195	112	22	15	185	51	33	26	97	42	2	87	113	-1	
-1	131	234	134	68	244	130	104	219	7	186	188	91	254	213	186	-1	
-1	-1	-1	-1	-1	-1	-1	-1	-1	-1	-1	-1	-1	-1	-1	-1	-1	
