0	0	0	0	0	0	0	0	0	0	0	0	0	0	0	0	0	
0	188	85	98	116	132	126	129	136	193	144	128	131	100	133	170	0	
0	129	144	106	102	107	138	146	160	166	148	139	117	128	119	141	0	
0	204	165	137	85	92	116	146	121	155	132	136	124	120	105	97	0	
0	121	127	102	67	107	148	175	131	125	127	157	172	153	132	127	0	
0	56	101	119	106	125	150	161	119	118	132	160	163	134	127	120	0	
0	49	88	119	133	156	165	159	117	112	130	152	147	119	122	145	0	
0	92	121	166	194	197	169	160	113	135	126	123	112	105	134	134	0	
0	66	104	144	187	207	178	169	120	111	98	98	111	123	156	169	0	
0	72	77	109	171	179	154	126	125	114	108	98	115	128	143	135	0	
0	81	57	77	114	152	162	139	138	99	98	83	105	117	114	110	0	
0	75	88	94	93	137	151	125	140	124	147	96	100	78	71	68	0	
0	124	102	116	100	125	146	140	142	131	147	118	92	99	82	104	0	
0	95	127	142	118	98	95	86	100	113	149	156	117	127	112	156	0	
0	53	134	139	150	81	80	52	68	70	92	123	126	154	131	139	0	
0	128	154	169	180	109	95	53	68	75	107	120	151	160	165	144	0	
0	0	0	0	0	0	0	0	0	0	0	0	0	0	0	0	0	
