232	232	1	88	95	192	129	173	103	243	102	123	164	71	157	222	222	
232	232	1	88	95	192	129	173	103	243	102	123	164	71	157	222	222	
60	60	144	106	102	107	138	146	160	166	148	139	117	128	119	141	10	
246	246	165	137	85	92	116	146	121	155	132	136	124	120	105	97	74	
69	69	127	102	67	107	148	175	131	125	127	157	172	153	132	127	69	
2	2	101	119	106	125	150	161	119	118	132	160	163	134	127	120	151	
3	3	88	119	133	156	165	159	117	112	130	152	147	119	122	145	143	
94	94	121	166	194	197	169	160	113	135	126	123	112	105	134	134	92	
39	39	104	144	187	207	178	169	120	111	98	98	111	123	156	169	144	
89	89	77	109	171	179	154	126	125	114	108	98	115	128	143	135	229	
105	105	57	77	114	152	162	139	138	99	98	83	105	117	114	110	36	
4	4	88	94	93	137	151	125	140	124	147	96	100	78	71	68	4	
158	158	102	116	100	125	146	140	142	131	147	118	92	99	82	104	88	
74	74	127	142	118	98	95	86	100	113	149	156	117	127	112	156	50	
8	8	134	139	150	81	80	52	68	70	92	123	126	154	131	139	236	
158	158	154	169	180	109	95	53	68	75	107	120	151	160	165	144	43	
158	158	50	251	105	177	44	155	11	59	27	5	86	238	9	43	43	
