59	59	205	193	198	232	28	47	87	103	251	178	32	234	209	112	112	
59	59	205	193	198	232	28	47	87	103	251	178	32	234	209	112	112	
52	52	189	116	183	107	18	177	160	231	48	106	89	185	134	29	29	
103	103	193	235	40	135	211	69	182	42	172	177	221	204	155	174	174	
60	60	208	107	177	135	214	195	56	118	170	105	225	3	34	103	103	
33	33	137	41	12	178	176	223	247	103	9	163	24	230	111	180	180	
148	148	171	132	255	92	11	214	31	68	76	201	173	45	205	207	207	
149	149	238	89	190	250	11	110	217	2	213	226	165	238	201	20	20	
162	162	93	191	38	93	28	49	51	59	117	127	5	34	173	210	210	
242	242	66	192	75	0	186	86	110	147	88	68	117	253	50	62	62	
17	17	212	156	208	250	249	236	43	44	40	161	171	45	195	88	88	
255	255	181	154	191	0	154	121	86	9	12	174	77	129	171	127	127	
192	192	188	83	92	141	77	85	121	120	129	161	25	44	206	221	221	
133	133	205	146	31	140	147	186	5	233	195	17	152	16	147	67	67	
143	143	83	0	226	175	141	47	4	6	167	133	168	193	177	118	118	
158	158	54	68	48	86	208	195	16	214	173	211	231	69	227	122	122	
158	158	54	68	48	86	208	195	16	214	173	211	231	69	227	122	122	
