155	155	156	45	75	126	177	190	234	243	84	123	86	106	205	111	111	
155	155	156	45	75	126	177	190	234	243	84	123	86	106	205	111	111	
205	205	185	60	5	176	121	85	152	189	207	220	13	157	86	42	42	
177	177	242	199	222	61	69	143	251	47	131	79	170	217	185	120	120	
72	72	134	49	133	139	226	254	224	122	187	176	87	200	77	173	173	
243	243	254	159	186	221	220	255	108	215	46	239	38	216	201	223	223	
80	80	17	101	130	150	241	100	148	209	222	79	129	53	24	207	207	
227	227	11	205	130	197	170	95	196	23	54	242	6	93	202	207	207	
60	60	27	225	162	157	119	147	1	12	100	223	91	230	21	115	115	
181	181	248	126	130	122	67	45	217	7	68	16	249	74	109	196	196	
26	26	169	223	251	75	124	114	222	125	126	67	92	218	41	113	113	
77	77	222	105	204	96	228	15	141	189	23	209	205	16	28	58	58	
212	212	54	228	179	49	47	47	163	14	172	34	81	9	252	122	122	
122	122	73	88	228	21	184	200	37	70	133	60	23	83	76	51	51	
141	141	33	105	113	212	154	161	4	62	175	176	96	0	185	92	92	
122	122	52	165	210	24	187	138	224	224	208	101	28	232	184	104	104	
122	122	52	165	210	24	187	138	224	224	208	101	28	232	184	104	104	
