155	155	156	45	75	126	177	190	234	243	84	123	86	106	205	111	111	
155	155	156	45	75	126	177	190	234	243	84	123	86	106	205	111	111	
205	171	170	142	116	123	137	170	184	184	158	133	140	146	147	42	42	
177	140	158	147	125	138	152	182	176	181	162	152	158	143	150	120	120	
72	169	183	189	164	177	190	209	194	159	149	138	170	166	193	173	173	
243	139	133	139	152	197	216	213	196	177	179	144	146	122	164	223	223	
80	146	155	143	177	197	197	183	161	146	159	126	131	115	171	207	207	
227	96	114	120	174	174	165	146	111	115	139	137	137	101	138	207	207	
60	146	157	151	174	150	134	126	89	81	89	125	146	128	149	115	115	
181	134	154	187	176	144	116	126	106	105	89	123	151	134	134	196	196	
26	143	165	201	159	155	106	140	128	134	99	126	137	123	102	113	113	
77	106	157	196	169	150	95	132	123	140	115	121	111	113	102	58	58	
212	108	141	165	143	148	106	127	105	113	108	112	86	92	83	122	122	
122	121	126	132	146	142	128	119	90	99	107	113	67	96	104	51	51	
141	104	108	128	139	159	153	154	134	136	145	119	95	108	120	92	92	
122	123	116	111	117	149	164	157	123	120	141	137	137	146	153	104	104	
122	122	52	165	210	24	187	138	224	224	208	101	28	232	184	104	104	
