59	59	205	193	198	232	28	47	87	103	251	178	32	234	209	112	112	
59	105	152	178	187	131	118	87	123	117	120	98	138	145	143	110	112	
52	121	161	186	172	138	122	117	131	153	156	152	171	175	172	159	29	
103	122	151	173	148	146	151	153	147	141	140	157	157	149	122	141	174	
60	111	134	137	127	153	184	188	148	131	127	151	162	144	143	145	103	
33	119	124	148	135	149	172	164	150	105	121	137	140	125	134	139	180	
148	144	136	151	148	140	151	148	145	115	127	149	175	167	172	133	207	
149	170	164	167	159	116	102	86	96	100	130	156	145	148	159	140	20	
162	180	170	140	134	104	97	101	99	120	125	135	147	148	148	109	210	
242	145	159	147	144	135	141	124	98	83	102	107	117	125	133	138	62	
17	178	176	172	147	157	153	152	105	69	89	108	143	144	134	149	88	
255	181	172	175	152	163	157	140	103	72	101	113	118	127	147	179	127	
192	208	184	152	117	116	126	117	115	109	125	113	95	116	135	166	221	
133	169	140	126	124	140	136	97	96	117	139	137	109	135	142	159	67	
143	145	118	103	110	144	158	113	108	121	161	173	142	165	136	153	118	
158	133	94	77	96	147	160	123	108	117	180	203	181	191	158	167	122	
158	158	54	68	48	86	208	195	16	214	173	211	231	69	227	122	122	
