103	103	189	59	7	83	252	158	31	31	45	154	161	201	132	149	149	
103	110	128	133	116	144	143	175	137	139	134	148	150	143	129	112	149	
157	154	160	131	118	123	130	126	88	85	100	157	175	151	113	87	8	
253	160	184	180	174	137	111	97	81	92	114	176	167	148	118	120	87	
138	182	190	173	144	94	81	60	67	78	115	168	174	168	136	137	231	
61	156	166	165	135	95	88	93	101	108	124	155	131	138	119	153	25	
124	121	132	134	109	93	106	130	153	143	147	146	127	106	69	90	147	
6	110	116	123	130	129	158	158	161	137	144	132	108	92	87	125	74	
29	119	116	115	109	134	178	154	142	117	144	136	110	88	89	110	145	
165	144	147	113	108	124	181	144	99	97	128	151	107	114	121	145	88	
186	145	158	128	120	145	171	146	116	130	171	168	112	97	104	126	156	
206	133	150	134	146	137	137	113	97	113	149	164	143	135	125	136	123	
99	117	131	115	153	129	138	110	122	131	148	140	116	108	115	132	129	
146	125	149	126	139	81	110	92	102	85	83	99	96	104	112	128	167	
148	141	167	139	147	106	146	132	125	115	111	120	102	105	137	159	113	
131	173	184	164	146	123	141	138	111	112	110	131	144	149	180	177	186	
131	131	234	134	68	244	130	104	219	7	186	188	91	254	213	186	186	
