0	0	0	0	0	0	0	0	0	0	0	0	0	0	0	0	0	
0	147	206	162	244	16	216	182	15	207	88	235	74	76	147	97	0	
0	178	81	254	133	129	140	180	210	108	252	76	81	38	30	145	0	
0	109	177	95	16	166	111	232	92	126	183	181	106	1	1	253	0	
0	98	180	78	97	57	208	237	237	162	89	234	238	171	16	12	0	
0	60	125	190	155	141	100	10	117	192	136	44	117	242	45	119	0	
0	239	144	43	62	241	100	14	222	82	176	56	60	158	227	76	0	
0	171	31	201	105	186	87	205	196	204	141	76	249	3	63	38	0	
0	122	46	182	165	108	167	9	122	134	91	42	190	151	201	161	0	
0	227	116	192	173	221	122	4	170	62	208	55	138	201	58	201	0	
0	240	180	248	166	89	100	78	99	223	212	190	9	146	86	210	0	
0	51	57	70	243	230	35	109	234	205	171	187	5	53	132	63	0	
0	255	116	244	247	27	77	91	105	176	58	61	111	68	207	197	0	
0	22	2	254	93	245	229	128	98	207	78	13	138	83	66	15	0	
0	146	65	131	134	56	158	212	148	7	132	206	68	243	18	19	0	
0	184	41	21	183	134	10	156	6	108	107	84	121	246	167	188	0	
0	0	0	0	0	0	0	0	0	0	0	0	0	0	0	0	0	
