0	0	0	0	0	0	0	0	0	0	0	0	0	0	0	0	0	
0	255	123	60	173	32	253	209	185	109	128	92	23	56	236	251	0	
0	210	100	168	251	131	209	90	189	161	0	61	0	81	37	23	0	
0	97	36	146	157	209	178	154	162	108	8	34	200	31	90	180	0	
0	26	45	24	194	40	156	147	130	89	52	131	150	52	212	187	0	
0	76	53	223	222	210	176	145	109	83	253	117	117	197	148	208	0	
0	121	174	253	145	113	37	45	4	168	134	57	43	28	109	255	0	
0	215	185	53	182	152	7	103	41	116	186	38	233	47	235	125	0	
0	255	100	44	252	245	157	34	35	161	202	169	218	245	198	72	0	
0	244	157	1	41	84	153	49	187	194	165	117	232	143	164	211	0	
0	12	164	55	56	160	45	213	194	80	119	140	249	81	129	191	0	
0	153	118	93	155	159	177	52	208	108	247	118	225	223	5	133	0	
0	179	17	41	234	74	202	23	31	140	103	150	25	97	232	154	0	
0	32	129	16	125	28	176	46	81	128	154	72	246	123	39	251	0	
0	1	218	13	42	197	87	244	220	118	129	68	13	154	165	245	0	
0	52	197	118	69	67	147	245	113	228	117	12	44	108	135	83	0	
0	0	0	0	0	0	0	0	0	0	0	0	0	0	0	0	0	
