0	0	0	0	0	0	0	0	0	0	0	0	0	0	0	0	0	
0	56	218	90	104	242	124	229	161	231	211	197	227	107	187	187	0	
0	246	16	211	100	37	242	117	182	147	236	0	254	174	223	107	0	
0	67	23	69	157	127	55	26	101	217	1	56	158	229	163	89	0	
0	160	153	105	115	253	142	101	115	68	248	95	69	246	13	36	0	
0	97	81	60	166	238	187	222	8	32	183	10	88	85	239	251	0	
0	174	143	149	23	2	146	165	103	5	234	96	100	47	86	114	0	
0	83	184	195	143	94	177	75	60	186	107	243	196	196	72	179	0	
0	191	246	66	84	13	68	231	179	171	236	157	11	81	204	98	0	
0	195	31	26	134	175	120	55	250	181	241	101	168	181	41	241	0	
0	104	233	231	170	61	245	238	36	168	154	17	69	165	98	17	0	
0	7	37	48	33	171	223	154	226	217	79	212	63	247	137	104	0	
0	232	242	81	208	156	143	197	139	179	109	37	196	178	202	38	0	
0	195	210	75	243	243	246	211	141	217	172	220	173	235	212	54	0	
0	84	188	40	165	140	197	52	81	80	232	190	117	172	112	63	0	
0	211	51	17	30	39	5	21	250	146	238	166	111	155	146	67	0	
0	0	0	0	0	0	0	0	0	0	0	0	0	0	0	0	0	
