0	0	0	0	0	0	0	0	0	0	0	0	0	0	0	0	0	
0	84	109	5	4	28	38	184	50	110	183	44	138	54	119	140	0	
0	50	6	136	79	236	174	56	216	200	155	233	137	222	191	117	0	
0	27	19	226	32	23	254	71	208	48	181	135	92	63	189	211	0	
0	204	240	218	84	63	198	3	119	158	203	19	136	84	241	71	0	
0	201	13	91	171	45	114	169	116	66	217	42	202	53	105	135	0	
0	9	53	119	227	138	182	169	141	46	72	88	65	208	173	50	0	
0	23	118	63	114	34	109	229	203	225	39	165	11	241	218	117	0	
0	121	227	170	240	198	52	167	112	193	213	184	26	22	136	199	0	
0	72	159	61	136	18	95	245	247	43	214	30	208	226	16	170	0	
0	87	137	142	1	121	84	54	32	196	247	245	124	17	11	4	0	
0	216	84	164	22	220	182	117	209	173	160	167	203	112	137	219	0	
0	27	224	100	169	226	222	253	24	254	194	15	244	62	33	255	0	
0	67	249	83	231	15	47	157	133	0	74	37	168	21	150	49	0	
0	241	177	18	85	90	244	51	87	12	50	25	27	38	88	60	0	
0	37	155	54	121	130	69	168	31	202	169	105	240	81	126	134	0	
0	0	0	0	0	0	0	0	0	0	0	0	0	0	0	0	0	
