0 0 0 0 0 0 0 0 0 0 0 0 0 0 0 0 0 0 0 0 0 0 0 0 0 0 0 0 0 0 0 0 0 0 0 0 0 0 0 0 0 0 0 0 0 0 0 0 0 0 0 0 
0 103 189 59 7 83 252 158 31 31 45 154 161 201 132 149 157 112 108 213 99 131 123 215 1 183 175 186 16 54 8 253 158 197 56 165 24 52 68 56 83 113 210 244 58 87 138 215 199 246 172 0 
0 42 121 39 1 123 223 176 53 239 231 61 236 133 2 36 42 26 89 110 82 172 223 37 161 25 124 43 240 67 33 157 109 154 196 110 21 163 31 74 147 6 135 127 139 137 164 181 164 253 36 0 
0 246 169 3 27 74 29 151 117 13 218 150 170 71 49 111 182 70 18 213 145 165 219 24 37 102 162 201 27 70 198 63 60 111 67 88 186 96 239 47 109 202 198 24 17 247 135 199 61 153 156 0 
0 206 63 119 231 100 221 137 45 249 207 243 56 11 98 123 99 28 219 83 76 73 29 18 97 46 9 232 246 70 129 146 21 192 10 252 36 231 133 81 224 84 68 25 95 167 148 195 195 112 22 0 
0 15 185 51 33 26 97 42 2 87 113 131 234 134 68 244 130 104 219 7 186 188 91 254 213 186 165 105 125 105 217 147 120 146 198 154 172 40 196 174 127 53 50 105 187 118 93 61 222 57 68 0 
0 152 245 159 151 202 90 60 51 215 165 13 107 30 159 49 184 76 89 124 250 217 178 44 66 109 162 160 171 129 217 239 25 206 143 176 152 233 237 203 192 146 216 43 176 120 93 104 196 182 229 0 
0 190 143 151 235 210 4 141 114 175 14 75 159 40 25 46 216 177 23 197 124 215 88 85 3 8 205 96 113 145 22 86 79 166 237 58 120 241 200 234 161 214 53 64 254 78 110 215 255 133 156 0 
0 123 92 244 208 95 253 157 191 110 46 214 196 126 124 177 184 244 162 128 222 67 87 19 131 85 97 241 44 96 118 201 219 211 189 172 50 186 73 242 40 120 200 236 246 68 157 174 56 64 47 0 
0 22 131 134 41 7 219 138 248 8 234 111 209 197 66 142 113 116 73 187 102 113 51 46 94 41 114 251 215 170 59 6 192 191 140 233 198 104 115 190 112 93 45 65 35 111 207 148 228 24 79 0 
0 74 138 130 121 232 171 235 227 131 150 31 137 86 222 22 64 164 126 179 98 238 17 144 47 52 255 254 200 227 23 24 46 161 154 167 137 70 146 108 201 40 139 82 127 105 104 191 13 230 114 0 
0 112 212 131 0 3 183 255 2 128 227 25 152 17 186 50 184 67 120 74 175 65 115 59 148 242 164 252 177 178 227 35 34 183 167 34 187 94 33 189 222 4 214 118 21 144 169 205 211 33 24 0 
0 130 99 139 189 247 125 98 243 46 20 214 81 54 142 248 88 73 87 121 6 53 126 220 172 147 108 85 97 63 118 121 193 217 4 127 208 129 225 196 175 245 154 0 43 40 249 131 113 80 252 0 
0 119 133 122 83 49 14 191 134 111 254 253 232 192 214 236 63 167 109 32 107 28 21 5 28 64 46 21 195 159 101 191 23 235 58 106 28 72 42 163 183 40 160 159 232 118 139 39 29 248 71 0 
0 136 20 92 142 48 156 188 70 95 91 171 31 114 150 89 221 179 161 7 86 88 47 246 247 24 108 130 63 138 122 135 18 142 227 160 190 128 92 4 223 184 176 254 42 70 87 7 249 248 14 0 
0 79 80 62 69 71 86 178 201 149 60 67 28 78 209 0 239 144 128 75 148 95 3 68 94 46 139 181 53 132 174 68 212 254 130 25 70 216 203 15 109 7 83 138 86 36 138 69 180 10 144 0 
0 73 105 148 141 199 194 24 125 247 157 43 59 113 41 189 138 111 149 86 127 3 93 210 141 179 246 23 248 171 33 137 244 138 29 129 82 223 154 207 214 55 250 18 168 35 207 50 147 101 136 0 
0 18 104 230 228 245 153 218 12 146 133 45 27 121 183 56 251 9 23 149 216 237 204 210 255 116 246 207 166 137 52 47 155 156 21 127 145 174 89 157 64 223 202 91 88 129 147 83 139 170 232 0 
0 99 152 180 54 151 40 44 102 207 181 154 254 80 54 19 207 199 193 40 100 2 7 46 93 96 176 241 179 59 155 156 158 51 80 212 203 121 0 49 72 181 204 70 5 2 89 212 202 26 253 0 
0 46 28 4 93 122 100 13 107 24 72 6 180 230 58 4 187 5 125 187 54 197 113 2 11 118 5 100 75 207 127 72 253 155 76 90 21 177 103 128 201 175 135 125 150 193 129 81 198 255 12 0 
0 252 196 125 255 208 244 4 52 63 211 179 135 208 79 211 43 100 132 146 229 77 66 108 202 216 45 76 41 243 75 53 239 15 179 238 223 167 242 20 230 197 199 109 150 22 64 193 123 197 83 0 
0 96 18 149 204 221 109 249 41 150 236 116 204 219 131 127 202 99 38 188 119 12 130 62 121 24 85 185 217 208 126 44 48 145 194 252 110 47 245 151 198 225 11 146 188 142 17 134 241 55 67 0 
0 104 67 197 167 188 221 252 117 182 204 244 226 252 133 164 248 243 212 237 138 154 206 149 44 138 35 61 17 21 116 84 125 183 25 36 115 246 32 232 172 236 220 142 232 97 51 224 84 7 205 0 
0 222 161 155 115 205 38 151 10 55 172 126 139 41 53 164 78 168 154 110 144 70 91 109 212 67 206 7 36 35 14 241 1 175 141 117 124 179 12 134 234 184 4 117 225 57 25 47 225 179 158 0 
0 114 249 249 223 205 60 173 213 96 208 227 82 210 147 223 71 15 146 83 150 124 11 154 241 236 212 10 28 181 189 186 39 182 179 6 131 239 180 88 80 132 60 162 86 207 129 157 222 19 240 0 
0 116 143 251 15 128 232 227 138 4 152 71 190 192 253 113 198 128 96 122 217 176 255 21 82 85 228 211 243 194 230 227 55 117 223 70 245 199 41 127 203 193 198 137 129 195 250 72 68 90 194 0 
0 29 11 193 50 93 23 22 49 10 216 23 237 15 141 204 85 130 147 126 2 94 64 200 231 193 140 225 9 208 60 204 237 71 141 31 164 164 53 213 174 13 237 156 29 122 104 114 252 252 241 0 
0 254 90 49 199 66 242 83 35 252 35 95 200 16 166 85 47 75 250 100 32 168 113 13 68 142 135 173 1 132 169 242 130 3 35 73 69 21 156 105 17 191 200 217 207 111 47 254 186 41 98 0 
0 218 209 212 232 22 98 111 195 99 243 108 85 118 111 120 191 181 142 92 30 159 27 230 121 235 85 168 233 15 209 76 234 162 32 210 184 130 65 123 230 53 231 59 171 87 180 106 12 66 198 0 
0 42 225 226 16 90 205 102 2 182 117 211 2 95 118 34 49 46 165 115 170 139 168 145 198 83 232 122 189 244 188 132 30 158 102 47 248 51 149 251 233 10 206 236 106 68 14 155 115 179 14 0 
0 29 62 182 174 5 9 151 127 199 139 60 75 170 218 177 217 210 228 110 205 205 120 156 185 226 224 200 126 83 123 140 112 186 67 31 191 76 182 62 19 65 122 94 235 84 15 196 39 243 50 0 
0 244 193 171 144 122 141 113 66 11 196 190 152 53 120 219 84 55 39 10 117 59 75 240 153 55 68 169 251 107 156 46 96 93 217 240 216 102 97 26 114 38 216 10 91 80 229 175 135 12 185 0 
0 253 71 4 237 225 59 49 138 55 157 38 101 253 132 62 237 92 164 79 118 22 117 79 32 208 159 5 127 39 18 56 36 89 60 17 58 120 66 196 175 223 235 20 220 111 82 202 203 246 25 0 
0 65 13 142 144 45 94 48 51 221 87 69 21 123 158 81 140 217 201 206 157 120 174 136 140 138 247 222 84 194 213 109 4 226 251 148 15 89 196 66 54 27 135 75 150 38 157 34 255 102 241 0 
0 156 223 159 37 107 41 28 74 126 223 31 235 227 1 231 119 16 64 60 83 119 87 218 194 238 0 95 16 255 198 1 156 165 160 193 16 202 221 90 72 188 121 51 159 122 26 23 139 91 83 0 
0 222 210 170 184 148 152 185 244 169 184 186 170 84 95 75 21 111 21 243 202 93 175 67 144 79 190 171 102 73 6 185 39 216 99 223 108 252 152 96 165 81 26 79 165 121 154 187 233 175 174 0 
0 179 12 93 246 157 172 180 72 18 253 78 203 36 38 47 4 146 43 156 243 208 237 13 31 147 135 186 78 112 105 252 35 118 89 25 19 6 206 91 24 203 169 228 240 207 19 244 97 62 144 0 
0 84 14 126 98 45 17 233 231 95 89 81 91 124 199 180 149 218 186 99 53 211 47 222 183 31 173 202 19 14 8 163 99 22 33 197 67 50 174 43 145 7 124 236 131 67 161 24 29 91 124 0 
0 82 46 171 48 229 202 221 175 221 235 183 128 78 205 162 19 17 212 193 60 102 200 184 82 75 251 243 100 24 79 224 106 125 139 154 99 85 119 18 50 98 202 178 177 151 84 196 168 41 134 0 
0 228 143 78 156 225 154 151 213 254 175 36 222 25 161 105 179 4 190 42 23 240 141 225 162 62 120 247 2 33 32 136 5 175 215 162 144 113 57 101 111 233 137 77 2 43 182 182 47 116 224 0 
0 70 100 109 39 6 171 160 253 174 193 29 54 198 204 13 104 93 126 162 194 237 139 76 58 141 119 240 67 166 100 36 237 200 145 20 207 61 180 204 235 117 234 33 60 182 47 164 19 173 70 0 
0 214 155 209 34 213 95 153 198 162 63 42 198 44 243 88 65 194 149 245 142 128 107 120 161 167 47 208 75 66 126 146 24 25 99 58 238 194 211 180 101 19 223 43 63 210 131 128 148 24 118 0 
0 34 152 225 155 58 136 202 10 211 12 136 101 37 161 201 95 144 139 51 68 240 70 35 28 133 245 159 6 137 184 124 172 80 93 71 138 229 17 149 184 29 29 30 66 191 231 162 79 114 213 0 
0 147 99 27 183 127 160 172 30 166 54 214 34 226 39 127 41 177 100 58 70 29 87 100 59 154 35 34 60 114 148 17 5 247 44 188 118 204 105 149 115 159 107 149 129 146 21 170 68 121 228 0 
0 138 150 59 238 209 213 17 243 17 131 136 34 137 127 78 69 246 27 174 139 142 77 246 35 206 137 56 120 205 178 92 87 72 152 70 26 109 87 13 127 219 149 161 100 21 240 169 11 11 88 0 
0 150 153 165 140 188 116 21 245 236 226 167 73 58 239 225 128 9 78 215 23 205 178 172 111 22 193 95 192 204 106 24 98 3 189 239 191 49 4 180 30 231 91 103 33 75 72 161 84 150 120 0 
0 107 100 43 24 211 65 217 50 1 166 156 25 8 159 215 247 94 8 252 19 38 227 110 141 4 185 213 165 14 108 29 121 208 72 145 163 138 107 213 139 17 113 165 25 16 124 17 110 132 13 0 
0 129 171 240 240 56 244 169 14 153 183 122 182 49 74 255 194 237 137 45 194 20 62 51 185 88 67 53 105 177 186 118 51 101 102 35 157 90 204 171 243 132 37 169 181 111 168 119 92 49 165 0 
0 30 70 227 81 255 59 148 53 164 70 239 26 121 84 128 156 241 218 104 157 205 236 194 119 161 50 31 25 142 81 190 173 151 161 254 150 221 147 203 129 217 186 156 82 14 28 238 0 247 86 0 
0 157 196 67 95 59 228 145 91 253 32 172 187 205 67 93 203 217 58 94 165 187 55 95 87 137 110 116 119 110 107 206 11 47 17 106 107 245 252 198 243 28 114 174 233 181 11 180 142 69 19 0 
0 51 1 74 147 88 212 1 204 75 111 55 25 122 103 42 228 210 32 224 152 19 252 10 193 229 191 205 154 77 18 173 129 19 247 20 108 203 21 56 23 132 112 48 254 215 91 226 169 123 195 0 
0 0 0 0 0 0 0 0 0 0 0 0 0 0 0 0 0 0 0 0 0 0 0 0 0 0 0 0 0 0 0 0 0 0 0 0 0 0 0 0 0 0 0 0 0 0 0 0 0 0 0 0 
