7	227	200	153	188	216	172	46	197	189	57	207	170	65	90	114	81	178	94	47	83	107	145	153	47	238	143	145	36	183	84	96	187	252	249	120	213	165	166	154	99	223	106	13	32	196	127	113	119	222	160	202	73	50	99	120	32	243	9	69	170	93	165	102	90	158	222	47	67	132	201	166	99	51	179	131	248	51	37	161	25	
230	111	180	113	136	154	122	111	170	117	100	176	135	110	155	133	125	158	153	126	150	149	147	136	148	160	143	122	152	132	130	143	145	122	146	121	125	152	115	113	140	115	139	130	126	157	152	147	183	163	120	173	145	97	169	132	89	138	144	127	115	178	163	93	162	153	88	138	134	99	134	138	106	159	138	37	161	25	37	161	25	
45	195	88	148	115	173	143	118	195	143	113	186	132	119	169	124	120	159	120	125	154	125	139	161	121	147	163	119	143	169	113	140	153	122	146	139	126	156	117	136	150	118	139	157	123	144	161	134	153	164	125	161	139	106	165	122	96	156	128	115	139	146	146	131	159	160	132	153	155	147	154	143	154	166	149	148	182	146	61	153	156	
69	227	122	172	110	179	165	132	185	153	133	178	136	136	160	124	127	149	120	122	142	119	125	150	114	132	153	112	130	165	118	129	151	129	132	138	141	150	113	146	153	118	146	168	126	137	168	143	145	168	137	148	148	120	156	139	106	149	150	115	142	169	142	143	185	158	150	180	154	168	173	143	178	175	150	184	185	173	254	213	186	
221	4	250	188	137	173	176	153	175	161	154	170	142	149	151	133	137	141	133	130	132	130	130	140	120	134	142	113	131	155	124	131	145	143	132	140	161	150	120	159	161	127	150	179	130	133	177	146	139	175	145	143	163	139	159	162	130	163	169	134	172	180	151	177	187	163	183	180	159	190	167	148	190	160	150	184	170	164	196	182	229	
193	46	180	176	177	155	179	174	160	165	167	159	146	155	145	141	147	135	147	141	128	145	137	136	129	136	127	116	135	136	129	137	129	150	138	144	172	153	133	170	169	139	157	184	133	138	183	140	141	179	143	145	175	148	157	179	153	156	182	157	168	183	162	177	180	158	185	169	151	183	156	140	177	145	142	168	135	143	19	131	85	
139	210	80	153	201	144	165	197	154	160	186	158	141	170	150	134	169	143	140	163	141	144	154	146	134	147	130	121	144	136	127	146	134	141	146	157	158	153	149	159	163	144	153	170	127	139	168	124	143	165	126	149	164	141	159	167	161	154	164	177	166	160	180	173	151	165	180	144	150	168	135	138	160	130	146	139	121	149	228	24	79	
12	236	14	143	221	143	159	206	146	159	196	156	140	185	155	124	187	154	117	177	148	118	163	146	118	154	127	117	152	138	128	152	144	131	141	170	144	136	162	148	138	149	153	143	126	147	150	115	152	151	113	153	152	129	149	149	153	134	146	177	140	139	183	153	131	167	166	129	149	157	130	134	149	135	147	143	122	170	59	148	242	
197	183	131	142	203	145	151	204	141	147	199	159	136	199	169	115	197	176	100	186	161	91	165	145	98	157	125	107	148	139	125	145	157	124	126	181	128	115	172	130	113	155	142	120	131	147	130	119	151	128	114	152	128	129	146	123	148	140	125	172	147	122	179	158	123	170	160	127	150	149	132	131	144	142	140	146	153	159	113	80	252	
229	217	181	140	183	148	144	182	145	144	181	166	146	186	182	128	179	188	105	173	164	81	157	134	85	155	113	103	149	121	128	145	141	129	126	166	127	111	167	125	109	165	137	116	146	147	124	131	152	116	121	152	117	135	144	119	152	140	127	170	141	123	169	147	121	164	145	124	147	144	136	128	152	153	126	171	148	134	246	247	24	
20	208	171	127	154	148	138	166	153	134	162	170	144	163	184	135	155	187	121	160	170	95	155	141	95	160	124	110	151	120	133	146	132	137	134	151	132	126	161	128	125	170	131	124	158	136	116	140	140	103	128	149	107	141	155	118	158	158	131	171	151	129	164	140	123	155	127	124	142	131	132	132	150	146	135	188	162	125	180	10	144	
110	45	160	139	152	147	133	147	152	130	141	158	146	134	165	149	128	162	145	137	154	124	143	136	123	154	125	135	156	117	147	158	121	148	154	133	145	148	149	148	143	166	145	132	165	141	116	150	143	104	141	158	115	149	166	137	169	164	149	175	142	139	168	128	122	154	119	117	148	133	126	146	158	146	157	188	139	169	210	255	116	
179	175	99	140	130	130	143	133	131	140	128	134	155	123	144	165	119	144	168	127	145	154	129	139	149	138	137	149	145	131	149	159	131	149	166	131	155	168	140	163	162	151	152	149	158	138	123	153	136	109	152	161	117	157	176	143	171	175	153	173	149	145	175	134	130	162	123	124	158	136	123	155	156	128	174	178	145	192	202	26	253	
108	37	247	136	115	124	150	120	126	161	119	133	182	122	147	198	116	146	201	119	145	187	110	134	169	114	129	153	128	127	139	157	131	139	173	133	153	177	138	172	173	148	162	168	156	144	150	160	137	134	165	162	131	170	175	147	178	173	150	174	146	146	181	135	139	171	129	139	166	143	135	156	161	134	163	183	122	177	108	202	216	
139	118	2	124	90	123	163	115	137	183	122	156	204	138	174	217	130	170	219	130	159	203	113	140	179	117	136	152	127	137	132	158	148	131	177	149	148	186	151	168	185	153	159	184	152	139	170	155	127	154	161	147	141	168	163	144	171	168	143	167	149	148	174	136	151	172	128	153	167	140	142	155	163	125	152	174	134	144	241	55	67	
51	145	105	137	90	151	155	122	169	179	135	183	201	154	195	218	149	185	224	146	168	212	131	146	189	133	141	160	137	150	140	155	167	136	163	175	151	167	177	171	170	173	172	177	162	154	178	158	134	171	157	138	159	161	144	147	158	150	139	150	136	144	151	127	160	150	123	164	148	139	156	143	163	141	143	187	125	142	109	212	67	
79	70	147	146	100	159	147	122	179	161	142	189	170	161	197	181	165	184	190	160	168	189	155	153	184	162	159	173	167	173	168	170	187	165	158	189	172	151	187	182	148	175	184	150	156	173	155	145	152	154	141	140	157	143	133	143	137	135	141	129	125	141	130	121	160	135	120	161	144	139	155	149	165	137	159	185	143	170	222	19	240	
183	177	31	156	129	170	153	128	176	161	147	175	159	161	177	160	177	168	162	174	164	166	174	160	175	177	170	182	180	180	189	170	187	190	145	185	192	126	185	194	118	175	197	124	157	187	138	136	169	147	120	147	160	114	128	148	112	118	143	112	107	131	118	112	146	124	118	148	136	139	155	149	159	146	164	188	133	177	200	231	193	
2	14	92	174	159	158	172	134	158	166	153	159	147	169	163	131	186	163	125	185	166	132	179	164	152	183	170	173	182	167	188	175	164	191	150	159	191	128	166	191	114	166	196	115	152	191	130	129	182	142	109	162	161	105	143	156	105	126	150	112	114	122	118	117	119	133	124	116	151	140	135	167	153	138	172	172	153	159	186	41	98	
157	9	137	203	167	161	193	150	148	177	164	144	154	178	148	131	186	157	117	183	164	115	168	159	135	166	160	157	158	154	173	159	153	169	151	150	172	142	164	171	129	170	184	125	165	179	140	142	179	155	120	163	172	113	154	165	111	138	150	119	128	114	125	127	100	140	127	96	154	134	121	166	136	136	164	138	158	134	145	198	83	
141	204	2	214	163	153	182	152	137	155	164	135	131	182	143	115	186	156	112	182	158	110	159	148	126	154	145	135	140	134	152	149	131	145	150	131	155	156	152	150	147	170	169	143	176	170	152	169	179	162	160	172	170	155	174	157	141	165	142	135	153	111	134	138	96	153	127	86	162	125	105	170	125	121	164	116	148	149	39	243	50	
91	191	204	191	134	151	159	141	130	136	142	131	127	154	142	124	158	152	126	161	146	119	149	137	128	150	140	126	134	137	143	145	135	136	150	129	148	165	145	137	159	160	148	155	175	144	158	179	157	160	186	160	159	185	177	144	171	178	135	155	169	120	151	143	109	162	125	96	161	121	102	163	125	111	161	130	126	171	79	32	208	
105	150	82	162	135	143	129	121	127	115	120	138	121	127	153	134	136	156	146	147	145	143	149	136	144	160	140	131	149	131	135	160	123	132	156	112	143	166	125	134	161	144	133	161	165	129	163	180	143	159	192	156	152	194	183	143	179	187	142	160	176	135	151	142	120	161	126	102	162	127	100	169	139	106	170	145	109	182	255	102	241	
232	98	69	148	129	139	124	115	129	122	114	147	140	107	166	154	112	169	156	126	158	149	142	150	143	167	152	133	164	142	123	177	128	123	173	108	129	178	109	130	164	121	124	155	141	118	152	158	127	147	167	142	149	174	172	153	170	182	162	162	178	154	153	149	135	157	137	114	162	137	109	177	148	108	177	152	111	176	67	144	79	
112	56	163	139	122	132	129	111	127	134	128	146	150	125	167	160	129	178	156	135	176	148	152	173	134	176	165	125	175	141	110	183	115	114	178	90	114	175	90	125	156	105	129	138	124	135	137	136	137	139	133	142	155	138	161	169	142	173	181	153	176	167	149	155	147	154	144	129	165	139	127	186	149	117	185	143	110	158	97	62	144	
192	117	75	125	79	117	142	110	111	149	135	119	160	153	154	151	152	177	143	150	195	125	163	195	100	172	188	87	166	145	92	154	103	98	156	68	100	173	69	109	147	90	140	121	102	161	101	105	153	119	95	128	141	98	144	176	130	165	197	163	188	182	166	177	166	143	149	155	145	126	150	174	127	128	180	149	99	148	184	82	75	
84	14	126	84	14	126	98	45	17	233	231	95	89	81	91	124	199	180	149	218	186	99	53	211	47	222	183	31	173	202	19	14	8	163	99	22	33	197	67	50	174	43	145	7	124	236	131	67	161	24	29	91	124	82	46	171	48	229	202	221	175	221	235	183	128	78	205	162	19	17	212	193	60	102	200	184	82	75	184	82	75	
