-1	-1	-1	-1	-1	-1	-1	-1	-1	-1	-1	-1	
-1	22	179	206	92	52	144	118	216	181	33	-1	
-1	224	89	153	178	12	225	72	193	1	184	-1	
-1	149	34	223	3	16	66	33	109	222	112	-1	
-1	11	244	35	217	80	87	106	198	47	31	-1	
-1	231	15	121	129	193	133	98	9	70	99	-1	
-1	193	219	134	161	222	150	227	255	4	193	-1	
-1	111	15	181	146	232	6	233	82	204	24	-1	
-1	114	180	39	235	53	232	112	151	242	182	-1	
-1	251	179	145	129	84	111	23	56	110	27	-1	
-1	249	222	42	175	112	19	181	90	101	129	-1	
-1	-1	-1	-1	-1	-1	-1	-1	-1	-1	-1	-1	
