0 0 0 0 0 0 0 0 0 0 0 0 0 0 0 0 0 0 0 0 0 0 0 0 0 0 0 0 0 0 0 0 0 0 0 0 0 0 0 0 0 0 0 0 0 0 0 0 0 0 0 0 
0 59 205 193 198 232 28 47 87 103 251 178 32 234 209 112 52 189 116 183 107 18 177 160 231 48 106 89 185 134 29 103 193 235 40 135 211 69 182 42 172 177 221 204 155 174 60 208 107 177 135 0 
0 214 195 56 118 170 105 225 3 34 103 33 137 41 12 178 176 223 247 103 9 163 24 230 111 180 148 171 132 255 92 11 214 31 68 76 201 173 45 205 207 149 238 89 190 250 11 110 217 2 213 0 
0 226 165 238 201 20 162 93 191 38 93 28 49 51 59 117 127 5 34 173 210 242 66 192 75 0 186 86 110 147 88 68 117 253 50 62 17 212 156 208 250 249 236 43 44 40 161 171 45 195 88 0 
0 255 181 154 191 0 154 121 86 9 12 174 77 129 171 127 192 188 83 92 141 77 85 121 120 129 161 25 44 206 221 133 205 146 31 140 147 186 5 233 195 17 152 16 147 67 143 83 0 226 175 0 
0 141 47 4 6 167 133 168 193 177 118 158 54 68 48 86 208 195 16 214 173 211 231 69 227 122 136 114 205 136 84 124 21 131 128 28 42 5 196 235 183 58 137 237 126 186 67 79 125 83 37 0 
0 42 38 12 111 9 135 248 123 84 128 207 209 150 82 81 178 125 87 118 104 14 176 242 251 47 172 63 126 41 146 163 84 185 175 195 194 54 187 62 139 60 13 92 210 96 173 132 221 4 250 0 
0 69 18 170 55 14 217 227 77 87 13 223 250 97 152 170 36 91 224 224 153 107 28 166 199 238 6 117 114 227 121 108 41 140 22 96 154 240 68 231 71 81 198 66 178 95 236 214 186 204 182 0 
0 83 56 210 249 255 192 0 116 50 227 238 158 12 122 181 109 20 165 177 251 236 2 193 46 180 32 26 138 218 231 65 45 31 19 39 30 212 39 147 6 10 129 165 23 251 90 132 15 255 53 0 
0 10 235 55 203 26 235 236 52 117 198 27 182 244 58 202 27 89 158 66 236 164 76 109 73 99 104 163 231 119 162 28 129 142 83 76 168 62 56 220 180 255 248 106 243 50 52 14 139 210 80 0 
0 119 119 156 228 192 0 76 100 231 195 6 4 68 148 87 145 60 150 201 25 74 200 17 180 187 67 233 201 207 187 25 70 50 182 43 243 182 119 87 157 59 93 161 127 242 249 16 46 143 218 0 
0 71 217 162 88 141 94 156 118 39 107 50 65 177 100 247 220 87 173 84 174 74 143 12 236 14 254 229 31 44 116 249 116 77 155 204 218 249 104 81 33 211 131 98 133 231 89 97 63 6 181 0 
0 237 80 68 249 60 83 247 33 114 36 149 107 152 226 6 100 189 0 205 14 33 160 145 131 37 120 220 135 183 226 60 165 50 129 158 111 212 150 144 70 186 38 177 82 8 183 182 197 183 131 0 
0 211 216 36 100 91 73 221 55 208 148 25 13 57 76 142 216 187 98 110 75 168 40 113 89 122 122 16 48 63 200 180 19 160 216 119 252 33 84 51 242 233 77 255 34 153 141 250 84 239 104 0 
0 159 151 144 17 240 10 139 0 59 202 200 239 221 105 199 85 101 232 169 152 218 146 229 217 181 126 102 175 210 85 24 114 236 168 131 220 179 14 221 238 216 165 221 182 14 164 11 115 140 180 0 
0 12 103 71 241 64 252 112 167 171 66 252 195 180 233 108 55 197 31 69 162 13 30 72 234 212 86 142 223 202 26 147 214 129 218 199 194 214 55 105 130 122 101 69 46 78 177 102 20 208 171 0 
0 182 221 201 254 199 157 85 85 124 31 112 16 245 241 234 188 179 193 244 28 67 110 130 136 156 208 58 2 228 10 174 155 232 119 153 175 21 238 5 145 13 117 161 2 102 140 191 26 77 179 0 
0 54 144 33 184 24 189 137 82 192 109 93 110 8 69 229 162 244 250 144 249 140 158 110 45 160 213 185 95 239 6 18 37 150 51 222 175 241 103 1 177 212 94 31 221 163 4 127 152 255 15 0 
0 145 139 173 0 184 78 213 114 173 196 120 192 233 15 243 199 190 228 46 191 149 3 30 180 224 193 185 95 89 184 110 235 67 28 235 251 106 192 109 23 132 230 215 109 245 203 53 179 175 99 0 
0 114 69 102 144 249 70 82 178 165 171 106 20 150 173 48 129 169 154 65 22 177 197 252 137 51 241 84 104 164 3 203 23 72 50 167 66 120 249 244 30 165 95 50 59 12 98 189 181 252 254 0 
0 204 173 196 200 54 247 186 138 95 94 142 42 117 214 92 29 24 213 22 13 243 187 108 37 247 120 135 180 46 131 178 250 48 118 194 103 109 124 241 204 219 127 247 80 86 83 109 110 40 132 0 
0 123 27 63 231 64 54 96 199 234 142 74 157 136 123 19 74 226 129 199 211 77 162 83 68 242 169 152 96 23 192 228 147 220 35 122 28 90 218 228 68 104 46 225 240 169 245 59 139 118 2 0 
0 95 195 164 178 8 150 91 160 246 114 96 218 5 60 254 128 89 88 90 61 156 195 107 126 179 21 115 238 160 233 240 255 172 148 177 180 43 12 84 33 127 181 252 132 241 250 4 74 82 95 0 
0 135 238 34 243 108 213 8 223 196 168 200 180 168 117 73 89 41 116 102 126 149 229 51 145 105 36 139 110 111 221 205 246 204 239 233 56 196 241 24 136 154 224 61 66 85 134 155 127 250 1 0 
0 253 143 230 48 33 80 84 172 190 195 138 139 186 86 122 163 142 62 149 166 199 47 135 4 113 220 138 12 91 132 14 88 19 244 136 52 68 221 225 2 160 107 141 90 193 7 254 79 70 147 0 
0 246 13 194 125 17 51 89 155 63 181 31 77 13 50 66 150 103 134 115 72 137 19 179 22 110 116 30 108 195 100 255 185 113 193 54 130 244 144 29 51 69 60 129 82 110 195 232 213 73 91 0 
0 29 210 111 208 233 221 68 7 73 8 107 72 193 220 9 248 94 253 136 123 48 205 183 177 31 37 116 8 251 190 99 24 144 210 233 121 175 45 128 248 53 235 64 247 199 73 239 37 70 119 0 
0 160 119 68 87 40 99 125 157 107 120 91 207 144 235 161 121 101 81 167 229 73 220 209 138 211 152 211 194 190 26 57 94 145 125 182 185 225 51 86 76 171 177 27 59 157 189 181 2 14 92 0 
0 231 87 56 184 225 12 81 181 206 15 207 8 109 96 133 35 25 102 86 112 179 1 33 206 61 190 139 242 192 153 78 168 241 134 96 210 146 177 135 97 192 86 105 46 182 238 81 208 85 168 0 
0 64 8 169 97 214 230 32 98 216 224 251 38 136 236 173 233 191 63 154 70 160 91 157 9 137 83 248 218 35 77 130 99 85 44 197 43 18 229 141 235 197 137 17 78 117 190 55 52 254 209 0 
0 123 158 44 24 168 181 107 160 144 143 237 18 242 66 62 183 109 81 156 251 60 98 132 77 176 249 12 231 46 10 184 169 168 229 193 80 154 44 240 42 187 221 61 174 31 123 101 141 204 2 0 
0 136 8 100 12 86 20 5 98 251 51 108 179 220 20 152 157 101 51 202 85 93 133 51 154 51 82 22 153 223 226 155 103 235 255 115 65 19 121 163 14 172 15 193 137 35 90 38 136 141 240 0 
0 222 234 118 17 133 169 99 155 66 67 125 221 170 104 220 30 169 239 151 76 253 67 91 191 204 127 25 243 7 166 227 229 144 89 246 21 3 90 176 69 157 46 35 71 150 255 101 64 239 252 0 
0 140 236 64 232 171 12 103 196 255 110 106 227 84 251 60 74 16 63 164 193 133 65 239 168 137 133 167 238 197 150 235 82 131 43 58 46 55 161 243 55 15 93 26 99 88 86 174 105 150 82 0 
0 42 27 148 25 195 29 158 106 11 100 1 246 182 132 33 240 178 89 145 165 144 160 3 170 4 91 0 178 196 150 4 238 177 152 7 116 181 166 223 193 10 224 183 192 100 217 176 22 50 65 0 
0 188 194 225 191 108 229 26 108 151 223 3 156 205 180 52 213 41 234 123 8 171 133 232 98 69 76 59 245 98 109 54 30 47 23 221 155 253 248 8 148 215 11 48 164 191 101 121 232 79 244 0 
0 240 250 121 216 92 190 36 152 179 135 5 233 165 53 1 131 208 254 123 216 146 82 227 195 246 163 40 112 139 119 100 124 113 222 84 205 156 121 101 80 0 107 57 165 160 58 40 112 56 163 0 
0 73 203 245 44 142 236 207 182 92 91 45 192 215 158 158 43 107 59 164 209 139 164 60 196 74 220 255 114 76 55 22 149 2 11 194 144 247 145 70 83 236 115 20 195 17 178 239 125 237 147 0 
0 78 120 56 138 61 130 102 60 244 178 115 10 72 118 22 10 6 13 155 77 97 136 192 117 75 210 39 58 79 21 206 157 141 6 39 202 136 141 6 124 63 122 135 135 240 157 145 246 170 45 0 
0 67 11 181 4 128 0 214 168 59 37 189 9 194 74 15 233 21 151 118 27 19 181 149 154 61 133 55 206 124 226 251 191 237 176 195 110 177 153 22 236 190 211 245 128 29 4 105 50 155 223 0 
0 78 174 149 227 73 210 105 128 160 229 98 156 164 80 76 104 190 253 1 212 233 192 167 222 64 196 226 170 247 125 137 69 44 30 40 117 240 145 245 145 118 88 45 27 168 121 131 102 119 132 0 
0 58 96 68 225 63 133 165 33 47 156 159 184 225 203 215 10 64 199 155 53 88 18 141 133 45 53 255 176 155 118 52 213 214 121 182 21 254 92 55 45 248 214 229 218 161 188 228 225 132 127 0 
0 22 220 145 164 98 190 217 97 110 117 215 163 74 173 28 1 195 26 93 250 71 85 208 44 47 113 233 19 82 109 147 104 73 36 12 171 227 230 12 81 91 227 244 165 145 16 166 84 42 3 0 
0 78 113 89 30 158 136 143 135 156 225 244 47 73 61 83 86 233 54 60 245 136 151 217 124 60 106 141 227 190 183 230 12 41 63 42 199 200 185 78 100 154 66 147 227 127 230 57 104 29 117 0 
0 94 165 12 55 33 73 161 174 44 95 102 18 107 143 82 149 86 26 78 164 126 232 230 17 203 101 247 5 206 20 122 44 185 135 99 219 208 4 137 252 99 239 14 206 126 96 99 212 122 177 0 
0 120 248 153 94 9 100 196 1 105 146 21 228 190 207 107 33 170 59 37 51 55 136 35 69 86 161 166 185 118 32 106 238 25 3 77 34 103 17 35 209 163 57 181 97 8 32 130 178 91 167 0 
0 229 146 47 8 215 133 170 125 62 32 158 168 14 183 171 91 217 18 108 253 227 15 54 152 112 62 184 242 240 19 153 213 165 200 222 125 77 136 250 139 168 152 51 182 79 222 18 41 241 126 0 
0 38 212 142 92 109 254 154 37 241 138 57 138 95 222 83 61 91 160 197 86 44 109 238 95 36 62 62 54 103 47 180 141 3 66 233 112 65 131 150 50 13 207 188 108 173 15 170 9 176 111 0 
0 95 220 221 77 59 1 139 121 55 242 168 235 127 172 46 104 28 111 235 178 161 248 129 93 101 47 109 15 56 29 126 151 249 91 228 52 92 112 174 147 98 86 127 226 2 173 74 31 28 54 0 
0 209 189 46 83 26 147 130 135 162 186 164 33 81 157 124 53 210 217 165 128 108 8 214 235 234 217 152 52 248 180 106 201 113 153 28 140 44 158 19 207 88 184 240 169 85 108 223 39 69 132 0 
0 167 178 140 126 157 118 87 54 171 79 234 21 24 92 174 53 232 219 211 251 170 44 179 154 213 9 6 180 48 76 57 216 254 197 86 155 60 173 209 231 252 188 252 20 24 171 73 0 134 29 0 
0 0 0 0 0 0 0 0 0 0 0 0 0 0 0 0 0 0 0 0 0 0 0 0 0 0 0 0 0 0 0 0 0 0 0 0 0 0 0 0 0 0 0 0 0 0 0 0 0 0 0 0 
