155	156	45	155	156	45	75	126	177	190	234	243	84	123	86	106	205	111	205	185	60	5	176	121	85	152	189	207	220	13	157	86	42	177	242	199	222	61	69	143	251	47	131	79	170	217	185	120	72	134	49	133	139	226	254	224	122	187	176	87	200	77	173	243	254	159	186	221	220	255	108	215	46	239	38	216	201	223	216	201	223	
184	83	151	155	156	45	147	164	177	132	170	192	140	171	174	141	160	139	136	167	134	125	177	131	123	193	112	143	187	98	166	185	113	180	152	128	186	159	123	183	138	108	178	156	112	167	148	120	162	165	131	167	175	137	180	181	145	188	167	153	191	170	171	201	182	201	214	190	200	192	191	175	195	184	161	216	201	223	216	201	223	
115	26	36	129	139	148	137	146	179	126	154	191	134	138	179	137	125	161	148	131	147	140	159	127	132	186	108	129	194	104	142	178	123	163	150	133	176	130	125	180	124	107	169	133	107	161	142	119	151	159	126	148	164	132	143	164	135	143	155	157	153	154	174	174	164	192	194	172	183	202	176	171	205	166	153	218	159	153	218	41	113	
238	9	43	106	120	158	126	130	173	115	132	177	122	117	169	129	101	152	144	107	138	143	129	118	133	162	109	128	174	112	137	167	131	163	136	138	177	114	128	175	105	107	155	114	103	140	123	113	131	136	126	130	140	131	128	142	131	127	139	144	138	141	154	160	150	170	184	158	168	200	165	167	212	158	152	225	131	152	232	184	104	
55	50	244	95	112	158	114	116	160	116	115	154	131	107	147	141	99	134	145	108	127	144	124	117	132	152	118	130	162	124	141	160	138	166	140	145	176	125	140	166	121	124	140	125	122	123	123	130	115	122	141	114	119	137	119	120	135	124	119	140	139	125	143	157	137	148	174	148	149	186	153	161	199	147	163	221	148	166	217	3	216	
53	202	60	90	101	165	121	104	159	135	111	145	154	122	140	160	130	130	149	133	132	140	131	127	128	138	130	131	145	138	150	150	157	175	150	170	187	148	166	171	148	150	148	138	145	131	122	147	130	107	152	135	105	145	145	105	144	148	109	143	151	113	143	151	127	139	153	138	145	162	145	158	179	147	165	202	145	174	246	253	142	
194	50	224	112	92	176	137	102	161	155	116	145	179	139	145	184	159	145	166	164	155	144	152	147	121	145	139	118	143	136	137	154	155	161	166	177	180	180	181	172	182	173	163	168	173	151	139	179	153	118	174	155	112	158	160	113	154	152	111	155	142	105	156	133	117	143	128	132	144	137	143	151	151	139	163	179	142	153	150	139	162	
224	172	144	131	102	178	153	103	159	165	116	147	184	148	152	185	174	159	173	175	170	151	149	156	124	132	137	114	131	132	125	157	150	148	175	171	168	192	171	169	185	167	170	171	172	164	143	185	174	129	180	183	127	169	185	130	163	169	128	163	141	118	163	123	128	156	115	146	158	129	157	156	142	146	156	153	117	153	177	46	59	
122	56	46	139	96	168	149	116	146	154	119	141	171	142	148	181	159	161	183	162	168	167	134	156	138	125	135	118	128	125	119	162	131	132	175	149	146	185	149	150	171	151	156	163	159	158	146	183	173	143	188	187	145	183	190	151	170	178	148	163	150	136	160	138	140	159	130	155	165	144	166	164	145	147	163	133	110	166	93	52	206	
50	178	95	131	133	152	130	142	138	138	136	136	154	146	142	175	146	150	189	139	148	184	111	142	163	109	128	144	123	132	142	158	128	148	162	140	149	161	134	142	141	142	136	138	146	140	134	169	159	136	176	183	141	175	193	146	160	190	151	149	172	147	149	162	149	158	152	152	173	159	156	175	155	142	167	146	121	160	7	98	238	
138	178	217	131	164	137	134	166	136	145	158	139	160	151	140	185	136	145	199	122	137	196	110	135	178	122	127	163	138	137	165	155	134	170	142	148	168	134	142	153	125	150	135	131	147	133	137	160	147	138	165	172	144	159	183	143	150	186	148	135	181	142	140	177	140	144	168	132	165	167	136	174	165	131	171	150	142	143	253	127	5	
179	189	75	150	173	119	147	179	131	160	180	137	172	168	139	190	148	138	200	128	128	201	124	125	191	137	125	182	148	145	184	149	148	188	130	152	184	127	142	170	134	146	146	149	146	142	156	149	149	150	149	171	150	134	179	139	137	181	142	127	176	136	137	167	134	133	155	120	151	150	118	165	155	116	168	173	127	136	57	227	55	
200	116	24	147	155	112	166	173	128	170	178	139	176	165	145	182	150	142	192	138	133	193	142	125	191	154	130	184	150	149	186	140	157	188	121	153	187	128	137	179	148	132	156	170	133	151	181	130	151	171	132	171	167	125	176	149	143	179	147	140	171	132	142	160	130	121	145	115	128	140	115	149	148	105	167	157	104	168	235	26	169	
170	244	85	163	152	112	167	161	125	164	169	137	166	161	152	164	153	149	170	149	143	174	151	135	182	156	144	185	140	160	186	133	162	185	124	148	181	142	130	175	160	123	158	176	127	156	178	123	155	169	125	167	168	123	167	156	144	169	155	145	160	140	140	151	135	117	138	122	116	137	118	137	140	106	161	148	87	188	141	21	212	
31	187	200	166	155	134	174	154	145	164	153	151	158	146	164	146	142	161	147	150	154	148	150	145	162	155	146	175	134	158	181	131	162	178	127	161	169	146	154	164	160	150	154	169	146	153	165	131	153	155	132	161	153	135	163	147	155	166	151	151	160	142	135	154	141	116	147	134	116	151	134	134	150	122	152	141	106	176	50	106	212	
211	87	172	186	154	151	182	151	156	178	151	153	168	145	158	151	137	157	136	149	151	136	146	147	149	155	142	170	134	148	173	135	154	165	137	167	152	160	177	150	170	174	156	166	166	160	149	146	160	135	149	154	136	149	151	140	157	154	149	145	149	151	134	149	151	128	149	150	135	161	143	144	156	133	151	145	116	158	137	115	132	
208	108	222	176	140	172	181	145	176	181	145	165	174	146	154	162	133	147	147	144	137	144	135	134	152	143	127	165	130	134	165	137	152	148	144	179	136	161	199	136	167	195	155	162	180	160	148	160	157	138	169	149	136	173	151	134	176	157	142	156	152	149	147	150	159	145	146	160	153	155	147	151	152	127	148	143	104	145	155	63	123	
116	7	247	173	113	179	177	134	182	183	148	171	176	155	156	168	143	144	154	144	134	153	130	130	159	125	131	165	116	133	163	131	150	146	148	170	142	161	188	143	157	186	164	150	173	163	146	159	157	150	165	145	157	167	147	152	168	154	149	153	152	148	152	152	155	154	146	155	161	143	136	154	137	110	150	141	79	139	55	66	158	
121	95	24	162	89	189	160	116	191	168	134	184	164	152	168	156	147	151	147	146	141	148	127	135	160	109	140	160	106	141	161	125	151	148	151	161	150	156	173	148	144	175	160	136	167	156	146	157	153	165	156	152	178	159	159	169	162	163	154	152	162	143	149	155	149	144	144	149	146	130	136	136	128	106	134	131	76	138	208	16	75	
43	42	249	137	63	189	155	111	189	161	133	182	156	154	171	139	154	153	132	149	149	133	132	141	155	108	145	160	107	138	165	125	136	156	154	138	159	157	149	153	147	157	155	134	154	155	146	140	158	168	128	161	188	124	160	186	134	155	166	136	151	145	133	149	140	119	144	142	119	132	141	120	130	120	131	139	82	133	115	62	190	
199	181	28	126	74	177	131	106	174	137	120	166	140	137	156	133	138	140	127	136	145	127	130	145	144	119	147	151	123	134	157	139	121	151	163	121	149	161	133	140	152	144	138	135	146	144	140	134	157	155	128	167	176	126	162	185	140	152	176	140	143	157	129	144	147	109	145	149	109	140	154	118	136	142	131	130	112	134	120	15	99	
40	84	88	130	86	159	126	114	155	128	125	141	137	135	134	141	136	126	142	134	145	138	137	152	145	134	154	146	141	135	147	148	119	142	161	121	138	155	133	135	145	145	138	132	149	151	134	138	168	149	133	175	167	130	159	177	144	137	170	143	122	156	130	133	152	111	144	158	117	149	166	134	135	161	147	116	129	140	109	123	82	
160	20	48	155	120	139	129	126	131	127	131	119	140	129	120	155	131	127	157	140	158	151	156	175	144	159	176	139	158	155	131	151	134	129	154	133	127	151	138	135	139	145	144	133	146	163	134	142	176	149	147	177	158	153	154	159	170	129	156	163	115	152	149	133	160	131	145	167	140	148	166	152	121	156	158	98	147	148	39	85	162	
197	89	234	179	145	140	155	140	130	151	137	118	156	127	124	162	137	140	162	156	173	158	182	190	149	180	191	143	166	173	133	148	160	136	148	159	135	149	157	149	139	152	161	138	140	183	143	134	188	159	137	178	156	147	145	140	169	120	130	170	110	132	165	131	155	145	141	161	148	141	160	153	112	145	157	86	128	158	71	198	124	
233	30	157	184	169	156	170	143	140	169	133	134	166	119	144	165	132	160	155	160	178	154	192	187	143	192	185	146	170	173	142	147	167	153	147	169	148	152	164	157	145	152	164	143	132	187	151	122	186	160	121	173	153	130	137	131	157	120	127	170	115	131	175	132	152	154	133	149	152	126	149	150	102	136	156	93	145	143	59	4	168	
7	227	200	185	164	190	180	128	177	183	104	159	171	99	160	155	108	153	138	138	166	129	178	164	129	178	174	132	157	175	158	145	173	177	161	175	180	164	176	166	130	154	164	122	131	176	145	113	185	158	112	165	151	104	155	109	111	144	109	140	141	107	163	147	125	149	140	134	146	134	133	146	112	152	148	109	160	126	131	248	51	
230	111	180	103	189	59	7	83	252	158	31	31	45	154	161	201	132	149	157	112	108	213	99	131	123	215	1	183	175	186	16	54	8	253	158	197	56	165	24	52	68	56	83	113	210	244	58	87	138	215	199	246	172	42	121	39	1	123	223	176	53	239	231	61	236	133	2	36	42	26	89	110	82	172	223	37	161	25	131	248	51	
