-1	-1	-1	-1	-1	-1	-1	-1	-1	-1	-1	-1	
-1	232	1	88	95	192	129	173	103	243	102	155	
-1	123	164	71	157	222	60	118	207	46	57	123	
-1	11	104	38	167	233	27	49	173	10	10	121	
-1	246	242	11	78	81	203	207	254	50	195	177	
-1	100	173	103	172	74	69	232	192	21	22	79	
-1	250	32	126	32	199	103	59	248	20	69	226	
-1	2	11	55	13	89	136	216	41	134	11	243	
-1	236	235	184	83	151	3	152	127	195	173	239	
-1	149	189	205	19	221	148	123	25	140	143	241	
-1	94	142	154	150	155	244	30	116	29	165	227	
-1	59	205	193	198	232	28	47	87	103	251	103	
