0 0 0 0 0 0 0 0 0 0 0 0 0 0 0 0 0 0 0 0 0 0 0 0 0 0 0 0 0 0 0 0 0 0 0 0 0 0 0 0 0 0 0 0 0 0 0 0 0 0 0 0 
0 232 1 88 95 192 129 173 103 243 102 123 164 71 157 222 60 118 207 46 57 11 104 38 167 233 27 49 173 10 10 246 242 11 78 81 203 207 254 50 195 100 173 103 172 74 69 232 192 21 22 0 
0 250 32 126 32 199 103 59 248 20 69 2 11 55 13 89 136 216 41 134 11 236 235 184 83 151 3 152 127 195 173 149 189 205 19 221 148 123 25 140 143 94 142 154 150 155 244 30 116 29 165 0 
0 127 9 144 55 92 39 58 244 166 254 162 59 187 111 78 153 4 201 178 144 89 16 31 243 166 186 231 197 46 4 106 173 13 250 229 105 33 31 94 199 29 0 2 217 111 80 114 115 26 36 0 
0 4 115 52 35 102 219 221 78 160 12 82 10 185 96 4 158 201 37 190 39 236 219 39 238 180 151 62 38 10 88 74 14 203 127 49 50 90 15 128 250 27 210 4 212 50 8 115 252 45 49 0 
0 35 25 12 75 7 193 226 69 231 236 158 50 251 105 177 44 155 11 59 27 5 86 238 9 43 32 17 158 28 62 207 64 87 219 139 94 156 109 163 132 89 65 182 84 171 103 129 70 114 188 0 
0 98 119 19 80 128 62 112 145 220 141 207 171 205 38 134 88 132 35 197 39 167 30 105 93 115 20 196 244 90 54 176 188 173 195 12 45 1 125 190 221 10 141 136 215 179 15 47 55 50 244 0 
0 94 217 18 199 54 133 219 250 121 54 48 42 242 221 237 255 10 239 124 200 204 134 85 85 93 8 100 140 63 150 128 157 111 146 101 165 24 64 159 145 118 207 187 105 172 169 104 182 152 228 0 
0 126 100 106 211 185 199 219 29 83 26 179 211 183 34 101 28 199 125 93 102 15 211 53 202 60 225 115 164 151 11 136 21 112 242 232 41 185 195 71 12 221 250 223 149 29 69 177 228 194 14 0 
0 75 209 226 128 156 30 98 15 195 249 27 75 15 139 62 247 180 247 187 251 4 152 246 227 45 19 40 223 247 235 237 66 188 207 195 88 238 37 104 177 30 131 252 45 14 58 37 194 50 224 0 
0 190 54 120 180 25 166 199 66 133 190 45 114 1 233 66 196 66 48 233 170 225 7 45 221 53 59 24 90 253 74 58 187 128 178 111 153 88 54 219 221 245 8 80 246 242 146 186 52 194 163 0 
0 222 163 170 11 128 223 70 152 57 67 226 115 255 98 38 110 252 126 165 215 92 154 224 172 144 210 62 74 6 0 237 228 163 151 239 35 119 53 188 176 120 158 36 119 1 74 230 253 200 139 0 
0 212 36 37 180 208 181 134 14 255 140 14 236 112 177 131 95 213 250 148 145 171 13 47 207 132 48 25 106 45 225 245 2 6 26 182 214 207 61 229 206 201 243 186 58 165 62 153 122 56 46 0 
0 11 227 59 58 178 191 107 203 42 152 173 31 154 179 58 81 137 9 142 110 216 87 98 146 145 7 208 43 129 9 89 140 236 148 198 159 83 49 106 125 202 23 157 100 202 215 181 84 224 67 0 
0 194 184 155 36 75 44 43 27 87 172 36 176 56 17 68 255 176 152 48 26 21 250 50 178 95 252 137 20 80 106 88 19 34 243 55 109 31 99 137 119 15 173 39 72 190 108 71 110 4 119 0 
0 137 25 114 187 204 209 183 85 229 8 191 61 27 226 48 82 79 80 181 216 199 197 134 238 13 68 90 84 179 94 203 60 120 61 247 68 14 174 153 244 182 89 49 209 59 98 36 138 178 217 0 
0 99 121 158 233 103 171 45 194 255 224 32 203 28 152 8 19 220 23 194 118 11 120 207 60 74 10 158 110 148 80 71 247 201 230 224 49 145 14 243 145 238 19 92 11 172 100 30 136 123 224 0 
0 254 134 89 205 195 163 215 97 17 108 178 88 99 123 62 68 172 208 82 159 97 64 179 189 75 95 33 106 231 157 74 230 35 163 179 230 70 139 72 87 247 250 176 90 117 238 158 34 190 240 0 
0 193 31 49 116 220 124 211 254 230 187 155 49 161 190 212 84 165 27 223 237 114 214 231 34 49 92 17 207 126 207 192 64 239 241 180 203 109 136 201 84 67 100 133 228 35 89 56 200 116 24 0 
0 181 231 238 156 9 31 248 26 239 119 234 175 183 217 160 107 164 13 243 110 97 54 210 230 26 245 64 83 189 180 107 114 155 89 14 165 121 7 191 104 126 169 23 53 130 183 160 39 196 148 0 
0 149 38 202 103 12 229 93 76 56 26 1 163 141 156 252 155 65 117 162 1 221 32 170 244 85 45 171 246 84 112 138 233 150 84 80 162 57 173 239 113 200 240 20 85 140 17 240 206 134 147 0 
0 207 100 179 121 88 9 166 4 255 250 116 137 227 10 221 52 172 23 225 155 136 169 139 157 254 24 174 239 230 52 130 181 152 53 46 241 62 213 245 61 207 105 198 179 115 164 231 31 187 200 0 
0 187 67 114 70 224 112 94 142 95 68 195 225 249 91 23 40 76 85 253 65 147 204 170 89 127 29 253 102 61 184 47 248 252 161 62 220 17 157 107 113 225 46 82 219 137 105 3 214 191 0 0 
0 23 82 204 194 171 76 223 169 178 28 97 225 20 93 130 83 58 148 240 165 5 209 211 87 172 92 193 175 50 128 175 74 210 124 12 125 200 235 38 122 8 136 92 28 229 222 111 31 114 95 0 
0 196 119 49 151 207 221 244 144 141 38 16 60 112 226 184 124 95 128 104 134 251 112 14 87 140 243 53 252 19 168 91 215 31 140 111 238 106 99 126 247 137 142 51 250 112 236 118 208 108 222 0 
0 86 103 78 100 190 219 87 244 215 106 156 50 66 187 191 177 170 41 20 40 32 157 183 83 151 39 63 14 247 172 236 77 19 59 177 210 22 9 198 237 115 98 31 181 29 222 102 199 7 122 0 
0 240 39 24 167 123 175 206 186 189 198 102 170 19 122 229 197 76 251 206 18 232 65 116 7 247 145 230 93 89 237 216 73 21 240 240 144 159 190 74 93 132 177 7 152 43 236 93 119 231 43 0 
0 137 207 108 253 214 99 142 188 193 231 170 153 48 191 137 32 79 40 223 153 133 99 74 140 251 117 120 88 236 95 131 117 46 240 114 5 83 1 193 20 232 107 173 25 42 54 57 121 95 24 0 
0 19 228 124 93 113 119 211 233 208 191 73 83 53 119 67 167 124 151 168 62 171 145 169 89 170 212 143 227 77 238 252 96 211 120 190 68 239 145 45 191 80 118 19 133 238 86 45 106 237 213 0 
0 168 153 102 82 242 16 38 129 244 115 112 240 212 67 104 146 135 87 35 180 23 115 43 42 249 25 128 38 131 110 251 44 7 98 126 249 114 164 122 102 23 234 86 235 45 190 125 180 22 160 0 
0 105 45 20 148 87 13 173 215 51 48 69 46 92 76 144 218 69 3 126 192 105 150 170 192 129 216 126 255 140 148 159 245 193 179 137 24 192 54 240 243 103 53 34 195 130 178 158 199 181 28 0 
0 135 31 178 50 223 52 10 93 51 150 242 210 140 179 134 21 204 70 76 188 58 179 241 92 118 115 14 20 59 196 49 194 227 227 244 194 23 254 31 74 149 17 29 33 197 163 54 145 233 130 0 
0 77 35 53 62 127 172 178 142 192 237 82 241 175 53 213 164 247 236 162 22 55 55 40 84 88 237 247 143 126 224 17 203 4 71 9 131 243 187 17 179 168 99 165 88 152 122 252 143 102 158 0 
0 166 157 214 206 241 46 187 232 189 57 201 207 4 205 22 13 80 9 201 98 188 113 197 97 201 94 219 197 237 66 100 147 223 58 97 209 104 28 185 38 85 130 245 89 79 11 103 160 20 48 0 
0 2 208 161 199 50 107 37 13 48 19 79 148 166 47 206 8 0 55 36 185 93 122 60 82 211 139 93 58 43 113 106 45 65 12 245 115 119 26 129 167 45 208 60 212 255 10 220 255 65 0 0 
0 185 158 122 245 240 78 128 77 136 172 190 243 217 0 255 206 115 118 233 244 29 22 197 89 234 196 100 198 196 165 199 125 68 65 114 52 143 242 130 24 158 64 11 120 64 10 70 180 128 47 0 
0 168 157 70 109 247 48 50 91 247 246 0 190 115 68 255 229 121 143 215 251 167 118 59 178 238 124 188 52 48 60 100 216 217 170 70 208 218 120 43 209 110 44 143 225 112 143 198 233 30 157 0 
0 228 197 19 32 119 1 156 51 54 204 111 154 164 72 68 234 25 30 98 68 240 208 112 127 177 225 14 119 202 44 21 175 241 40 207 104 42 107 155 96 55 10 250 219 83 62 198 108 92 40 0 
0 176 76 249 33 204 170 2 218 34 204 7 55 123 248 95 74 97 137 181 252 233 236 7 227 200 90 33 142 198 126 182 118 202 175 151 150 90 153 113 124 102 120 179 225 112 18 44 209 156 225 0 
0 206 133 206 213 105 150 47 138 36 245 8 218 107 211 138 3 105 228 156 218 96 2 82 19 228 195 37 16 148 193 241 98 71 191 55 176 85 102 58 121 91 67 84 199 22 222 202 127 194 102 0 
0 90 34 105 172 53 77 111 90 93 4 28 78 102 99 14 158 19 99 4 77 221 96 144 49 39 166 15 241 38 209 87 128 243 192 44 40 13 156 130 106 160 158 185 6 1 199 164 20 42 169 0 
0 98 7 9 242 56 48 153 71 33 191 24 120 63 11 57 107 51 70 7 182 177 167 84 106 174 86 49 82 106 91 251 204 99 4 191 155 52 88 227 85 23 251 206 86 7 7 193 58 77 201 0 
0 240 254 112 69 104 30 155 153 113 5 245 108 210 88 113 145 243 165 233 214 251 0 210 201 86 217 208 23 19 29 224 4 28 81 73 132 111 228 30 224 233 19 77 187 107 190 76 94 99 53 0 
0 53 94 53 7 39 139 224 247 163 243 21 131 247 49 212 64 181 68 36 211 36 14 230 113 201 81 47 22 176 147 75 229 241 129 236 25 12 204 16 175 191 37 51 183 86 7 247 12 75 28 0 
0 223 112 42 198 225 243 23 17 9 199 164 85 172 149 214 152 174 226 100 191 146 36 228 197 219 59 204 210 71 24 238 38 136 24 236 105 12 4 122 21 203 30 106 120 180 64 16 98 35 117 0 
0 33 181 153 6 122 116 65 70 70 136 94 53 174 230 77 155 80 89 159 202 111 106 233 217 226 157 26 243 255 61 104 33 242 1 39 108 117 104 178 187 240 17 240 158 247 62 57 71 151 216 0 
0 18 6 67 251 224 37 152 250 24 151 55 128 184 41 129 223 149 246 71 71 178 55 88 162 214 80 224 15 151 120 232 169 126 43 164 94 80 60 88 105 212 143 233 140 184 107 108 77 97 179 0 
0 149 19 235 237 182 193 61 150 208 213 14 184 126 141 227 35 235 52 95 68 157 51 211 134 192 140 241 44 217 83 223 110 102 202 92 28 139 153 179 92 110 193 20 237 78 248 16 58 44 111 0 
0 126 201 163 81 79 99 221 65 143 183 148 110 37 250 57 129 23 196 27 202 32 137 139 53 118 218 45 134 20 89 246 146 34 153 227 113 252 193 178 139 120 70 249 157 65 50 31 88 247 58 0 
0 34 23 195 173 76 58 135 121 192 155 210 182 45 244 79 17 102 75 210 24 214 74 95 208 231 160 2 6 248 249 64 26 17 4 199 93 62 79 215 254 234 169 181 24 158 4 41 4 80 251 0 
0 28 38 69 123 246 44 27 249 51 19 242 115 45 3 119 245 97 181 68 56 180 46 225 105 70 127 109 111 131 189 106 160 228 175 27 218 220 55 211 15 74 198 130 120 201 250 109 42 175 177 0 
0 0 0 0 0 0 0 0 0 0 0 0 0 0 0 0 0 0 0 0 0 0 0 0 0 0 0 0 0 0 0 0 0 0 0 0 0 0 0 0 0 0 0 0 0 0 0 0 0 0 0 0 
