-1	94	142	154	150	155	244	30	116	29	165	227	
-1	59	205	193	198	232	28	47	87	103	251	103	
-1	178	32	234	209	112	52	189	116	183	107	154	
-1	18	177	160	231	48	106	89	185	134	29	131	
-1	103	193	235	40	135	211	69	182	42	172	253	
-1	177	221	204	155	174	60	208	107	177	135	113	
-1	214	195	56	118	170	105	225	3	34	103	42	
-1	33	137	41	12	178	176	223	247	103	9	61	
-1	163	24	230	111	180	148	171	132	255	92	172	
-1	11	214	31	68	76	201	173	45	205	207	157	
-1	149	238	89	190	250	11	110	217	2	213	6	
-1	-1	-1	-1	-1	-1	-1	-1	-1	-1	-1	-1	
