-1	-1	-1	-1	-1	-1	-1	-1	-1	-1	-1	-1	
-1	155	156	45	75	126	177	190	234	243	84	-1	
-1	123	86	106	205	111	205	185	60	5	176	-1	
-1	121	85	152	189	207	220	13	157	86	42	-1	
-1	177	242	199	222	61	69	143	251	47	131	-1	
-1	79	170	217	185	120	72	134	49	133	139	-1	
-1	226	254	224	122	187	176	87	200	77	173	-1	
-1	243	254	159	186	221	220	255	108	215	46	-1	
-1	239	38	216	201	223	80	17	101	130	150	-1	
-1	241	100	148	209	222	79	129	53	24	207	-1	
-1	227	11	205	130	197	170	95	196	23	54	-1	
-1	-1	-1	-1	-1	-1	-1	-1	-1	-1	-1	-1	
