-1	-1	-1	-1	-1	-1	-1	-1	-1	-1	-1	-1	
-1	239	37	184	132	197	165	101	144	177	202	-1	
-1	198	85	39	143	14	1	241	144	46	61	-1	
-1	109	244	223	116	206	200	75	139	78	228	-1	
-1	159	61	10	87	194	207	252	39	95	173	-1	
-1	241	37	2	25	181	16	26	166	161	72	-1	
-1	227	14	60	194	130	11	139	205	150	217	-1	
-1	177	54	23	187	141	217	138	138	0	234	-1	
-1	55	242	15	58	11	196	74	37	106	235	-1	
-1	109	77	249	170	16	123	181	155	72	75	-1	
-1	116	250	129	139	181	15	100	64	153	101	-1	
-1	-1	-1	-1	-1	-1	-1	-1	-1	-1	-1	-1	
