-1	-1	-1	-1	-1	-1	-1	-1	-1	-1	-1	-1	
-1	25	109	77	41	241	211	28	153	146	198	-1	
-1	55	6	244	154	181	109	133	218	104	61	-1	
-1	63	194	77	87	237	98	172	216	143	146	-1	
-1	36	169	255	113	210	241	68	238	138	214	-1	
-1	181	194	221	169	92	146	22	225	108	126	-1	
-1	30	172	64	107	3	46	206	176	6	93	-1	
-1	66	42	6	65	155	217	50	223	199	189	-1	
-1	181	124	127	146	37	219	37	59	188	145	-1	
-1	186	218	61	250	69	65	40	19	241	46	-1	
-1	113	51	88	119	116	243	80	167	210	24	-1	
-1	-1	-1	-1	-1	-1	-1	-1	-1	-1	-1	-1	
