0 0 0 0 0 0 0 0 0 0 0 0 0 0 0 0 0 0 0 0 0 0 0 0 0 0 0 0 0 0 0 0 0 0 0 0 0 0 0 0 0 0 0 0 0 0 0 0 0 0 0 0 
0 155 156 45 75 126 177 190 234 243 84 123 86 106 205 111 205 185 60 5 176 121 85 152 189 207 220 13 157 86 42 177 242 199 222 61 69 143 251 47 131 79 170 217 185 120 72 134 49 133 139 0 
0 226 254 224 122 187 176 87 200 77 173 243 254 159 186 221 220 255 108 215 46 239 38 216 201 223 80 17 101 130 150 241 100 148 209 222 79 129 53 24 207 227 11 205 130 197 170 95 196 23 54 0 
0 242 6 93 202 207 60 27 225 162 157 119 147 1 12 100 223 91 230 21 115 181 248 126 130 122 67 45 217 7 68 16 249 74 109 196 26 169 223 251 75 124 114 222 125 126 67 92 218 41 113 0 
0 77 222 105 204 96 228 15 141 189 23 209 205 16 28 58 212 54 228 179 49 47 47 163 14 172 34 81 9 252 122 122 73 88 228 21 184 200 37 70 133 60 23 83 76 51 141 33 105 113 212 0 
0 154 161 4 62 175 176 96 0 185 92 122 52 165 210 24 187 138 224 224 208 101 28 232 184 104 27 70 137 133 183 94 31 88 98 93 7 18 189 7 204 25 129 0 191 83 24 122 222 248 90 0 
0 174 93 118 150 22 222 178 92 104 55 19 198 86 108 40 180 115 58 113 123 6 139 252 6 74 80 30 196 46 22 30 220 116 148 115 138 114 37 230 218 92 249 160 178 101 200 102 217 3 216 0 
0 84 9 99 80 16 173 160 46 113 206 69 143 171 185 35 30 67 149 67 41 112 159 34 16 81 136 217 184 97 220 144 181 229 243 5 245 160 166 36 17 116 105 160 31 34 195 61 101 88 128 0 
0 142 200 31 176 217 113 56 178 41 153 142 185 78 115 172 84 105 76 250 141 93 110 246 253 142 24 192 203 125 24 76 11 225 107 187 186 220 244 108 5 141 250 190 220 109 106 48 214 182 42 0 
0 99 19 152 89 16 38 113 208 242 238 233 62 249 202 169 181 132 134 169 240 139 54 234 74 18 87 180 66 46 107 108 145 126 5 235 143 43 92 95 29 75 72 91 68 18 5 249 150 139 162 0 
0 134 22 217 112 96 235 200 21 46 246 128 154 135 254 159 114 141 203 207 237 232 26 53 68 94 72 73 88 222 212 250 101 234 211 213 75 191 157 96 237 147 224 135 27 222 39 141 108 242 92 0 
0 89 218 118 142 30 213 214 103 45 181 59 39 26 38 251 239 113 186 141 209 167 32 177 46 59 143 85 201 251 71 37 84 34 156 227 64 113 185 168 158 110 227 197 136 9 192 120 122 122 5 0 
0 75 33 37 252 80 97 140 165 42 135 237 79 220 15 235 191 79 92 120 247 250 231 219 192 111 228 128 231 95 251 236 170 28 18 167 108 115 51 18 157 186 255 236 150 14 216 85 93 52 206 0 
0 85 47 181 48 239 36 20 111 12 115 106 248 30 135 10 197 243 125 248 5 26 178 4 7 73 18 223 158 112 19 108 197 66 33 245 49 70 9 161 82 125 11 74 155 146 85 96 134 210 88 0 
0 139 237 10 144 244 83 162 211 242 18 230 94 215 41 128 204 90 198 214 251 24 83 7 98 238 153 183 78 31 138 166 171 119 176 59 107 4 221 62 246 240 36 84 199 77 212 148 168 154 106 0 
0 163 178 189 170 21 171 68 204 249 99 86 159 14 205 79 73 56 83 39 118 73 23 155 158 222 232 114 114 144 13 220 52 191 153 222 212 68 34 161 61 134 247 220 148 197 44 222 253 127 5 0 
0 116 201 28 15 103 250 247 217 109 136 230 73 188 166 227 154 122 39 189 27 101 67 19 65 215 216 109 181 213 237 186 73 182 214 88 29 209 80 246 62 216 221 135 148 131 106 46 253 146 235 0 
0 25 247 46 44 56 6 4 166 187 217 147 118 35 73 76 123 102 29 203 92 91 163 57 227 55 188 77 102 186 223 81 211 214 128 255 15 134 3 181 65 220 72 183 255 145 4 123 247 33 70 0 
0 83 125 234 141 96 33 73 173 135 3 141 217 214 99 89 213 114 223 216 39 32 181 111 216 180 0 220 47 247 253 118 75 122 96 216 218 129 33 136 9 37 21 226 251 120 59 209 235 26 169 0 
0 18 58 94 130 18 19 130 238 66 122 236 184 197 102 24 157 65 154 190 201 163 227 222 133 223 86 192 176 65 218 89 84 20 184 214 39 203 88 21 13 210 1 198 151 104 222 52 169 120 243 0 
0 114 27 214 80 160 181 166 96 101 232 58 191 60 79 119 18 118 66 106 139 79 61 141 21 212 245 244 9 158 108 252 16 136 210 96 40 136 6 137 237 238 195 172 42 18 35 60 136 101 167 0 
0 20 181 228 161 202 184 150 190 193 52 43 189 68 179 144 164 219 24 170 100 5 153 40 178 195 58 213 0 195 59 167 215 240 139 120 186 67 14 121 5 66 164 194 134 87 82 42 50 106 212 0 
0 151 112 109 191 34 49 249 247 49 188 50 216 147 34 99 11 221 166 25 86 171 91 250 110 225 81 192 11 131 43 224 26 155 77 217 189 126 211 180 175 143 231 135 35 9 234 46 230 145 72 0 
0 60 60 163 54 170 133 135 107 144 11 150 112 37 49 190 255 238 60 210 162 236 97 137 115 132 147 94 179 121 239 251 182 43 158 236 214 35 116 65 180 127 215 36 164 8 226 163 246 31 117 0 
0 152 11 215 34 126 91 181 220 14 46 203 9 228 247 168 209 205 203 69 14 127 196 229 164 104 237 134 12 227 165 129 123 176 88 157 47 180 82 11 194 129 215 204 101 206 116 54 155 63 123 0 
0 169 191 63 142 99 168 123 233 180 94 143 53 217 63 142 119 110 66 201 122 4 74 81 208 176 31 68 230 186 132 98 99 67 161 241 166 73 108 143 253 202 30 51 163 94 193 26 204 3 228 0 
0 70 7 46 151 216 222 182 28 197 112 160 39 211 227 200 196 137 18 48 25 15 250 55 66 158 149 3 184 98 6 156 168 14 203 64 230 169 246 2 110 103 163 149 58 134 94 255 16 112 47 0 
0 41 127 42 96 194 200 246 197 128 88 204 29 0 218 232 64 192 145 55 194 0 158 101 149 216 236 243 215 252 99 7 37 227 49 133 165 249 123 106 121 211 54 150 212 16 126 20 208 16 75 0 
0 147 16 233 248 165 194 228 153 153 224 252 160 5 223 209 139 132 202 6 239 68 218 37 218 174 54 89 194 6 105 14 153 121 247 146 30 185 118 183 83 87 180 243 92 147 197 231 24 143 238 0 
0 7 211 200 44 174 118 98 7 56 105 112 70 2 233 62 148 7 247 11 191 74 98 115 62 190 6 3 166 30 146 148 37 102 92 82 20 210 180 27 10 29 139 81 32 116 143 180 123 134 191 0 
0 58 209 33 173 15 224 180 18 134 210 164 26 248 10 118 74 30 72 254 57 82 28 196 163 60 56 50 240 180 185 176 238 138 209 156 153 177 80 171 55 34 79 81 26 90 199 100 120 15 99 0 
0 178 98 127 118 5 187 175 56 171 99 241 91 81 123 45 237 20 222 61 191 22 96 14 103 122 104 47 223 225 62 66 147 160 193 9 166 124 184 222 39 27 207 131 109 74 176 90 94 142 152 0 
0 29 164 248 43 12 114 148 59 81 117 121 147 8 26 84 17 192 208 202 158 248 229 109 123 82 183 43 173 21 185 69 50 94 61 93 106 175 241 165 1 102 30 148 110 56 233 128 248 185 74 0 
0 150 177 47 3 44 130 186 87 47 207 17 116 1 111 177 95 217 96 80 126 97 183 156 246 37 213 223 165 205 152 239 100 74 31 103 118 161 34 206 208 241 223 68 243 78 245 82 39 85 162 0 
0 165 183 89 65 173 127 22 140 36 228 36 20 72 110 51 175 229 212 209 179 164 195 146 232 182 224 221 8 7 50 170 172 233 4 237 150 131 4 34 167 232 71 187 48 181 238 223 154 194 177 0 
0 77 102 116 223 78 42 191 43 50 198 94 220 114 71 224 96 222 99 100 0 11 76 71 198 124 253 181 91 151 119 12 229 222 128 196 44 170 132 88 220 74 182 185 189 253 153 29 219 253 129 0 
0 220 8 205 35 206 73 32 131 164 184 251 177 157 217 49 97 5 220 229 93 184 48 19 113 237 17 11 10 236 8 139 200 16 88 236 222 161 12 98 69 196 93 246 97 54 40 195 59 4 168 0 
0 153 188 216 172 46 197 189 57 207 170 65 90 114 81 178 94 47 83 107 145 153 47 238 143 145 36 183 84 96 187 252 249 120 213 165 166 154 99 223 106 13 32 196 127 113 119 222 160 202 73 0 
0 50 99 120 32 243 9 69 170 93 165 102 90 158 222 47 67 132 201 166 99 51 179 131 248 51 244 111 17 148 57 90 198 157 210 231 144 220 44 58 57 209 160 147 111 126 194 178 2 140 89 0 
0 101 191 12 232 183 63 220 38 80 113 96 170 55 253 125 30 141 89 74 199 146 27 104 38 138 230 232 61 233 116 150 78 52 162 55 235 226 19 18 50 132 114 221 188 111 90 218 252 179 37 0 
0 195 69 64 43 107 203 18 84 8 251 200 158 73 252 64 128 232 34 148 250 85 24 108 50 212 219 140 175 215 63 212 154 132 20 198 240 223 216 68 231 211 12 133 28 9 198 157 241 232 49 0 
0 235 61 73 87 111 30 50 251 205 9 58 161 163 191 181 105 175 149 65 243 124 20 255 2 49 8 200 206 249 176 255 228 238 72 59 93 102 109 89 51 118 147 212 26 82 138 131 1 31 197 0 
0 244 155 217 244 157 10 252 101 216 246 22 215 218 4 32 22 97 134 131 186 186 250 78 142 20 160 24 151 162 55 92 150 211 54 138 112 64 135 214 25 125 236 240 87 240 16 109 81 151 241 0 
0 12 81 235 90 223 255 250 248 150 156 47 243 51 2 41 189 115 105 68 73 130 193 53 115 25 37 131 134 118 26 119 130 107 98 220 75 97 215 67 248 115 114 235 166 117 20 100 232 125 168 0 
0 49 0 106 102 115 131 139 246 9 1 17 129 132 124 227 96 199 69 55 10 61 171 125 40 81 242 60 181 218 185 94 11 185 200 113 44 75 252 35 84 253 52 213 129 176 185 226 120 254 25 0 
0 130 59 196 255 99 22 241 159 203 203 88 41 214 18 241 71 62 60 67 97 145 65 149 102 194 70 31 164 190 29 190 64 88 130 64 187 152 49 90 100 253 179 141 211 197 127 27 3 187 94 0 
0 101 76 159 250 179 98 64 210 6 254 240 196 63 72 71 127 4 223 176 94 67 173 17 209 129 214 80 156 218 11 250 63 88 154 57 11 252 122 221 2 120 205 199 183 22 14 54 26 237 231 0 
0 120 49 148 138 2 21 96 82 177 58 93 172 121 181 70 179 192 66 45 158 68 165 107 11 93 129 25 147 155 7 122 20 56 15 158 58 36 254 140 214 57 233 130 178 159 200 101 95 10 146 0 
0 253 78 56 105 90 149 234 115 40 134 122 163 154 178 178 56 236 214 54 120 172 111 98 46 34 1 246 135 96 0 26 94 79 82 199 169 231 177 28 15 55 151 178 209 73 100 9 54 59 64 0 
0 174 231 175 16 22 209 17 12 89 114 13 115 208 92 197 151 5 172 72 33 187 128 184 110 81 2 210 91 56 13 155 230 245 74 247 11 28 8 23 117 122 36 232 74 128 173 225 133 89 42 0 
0 167 20 170 95 130 251 97 85 86 153 98 241 128 87 60 119 98 88 127 122 205 250 158 181 68 31 98 38 164 187 80 75 207 250 171 82 245 12 167 76 166 9 61 38 97 121 157 195 209 28 0 
0 0 0 0 0 0 0 0 0 0 0 0 0 0 0 0 0 0 0 0 0 0 0 0 0 0 0 0 0 0 0 0 0 0 0 0 0 0 0 0 0 0 0 0 0 0 0 0 0 0 0 0 
